Chances:
0.0896532
0.0261575
0.0393337
0.0302978
0.118886
0.0173099
0.0251251
0.0254238
0.0866687
0.00303216
0.0143081
0.0595113
0.0304969
0.0602904
0.0696379
0.0329209
0.00210801
0.071049
0.0552368
0.0572582
0.0427208
0.0112954
0.0132627
0.00322694
0.00979338
0.00499516
Vowels:
0.21481
0.284853
0.207659
0.166853
0.102359
0.023465
a:
0.001545
0.0371282
0.0544853
0.0447325
0.0119737
0.0112737
0.0402665
0.00844921
0.0365489
0.00181054
0.0167777
0.112495
0.0509849
0.12191
0.00176226
0.0364764
0.00135187
0.126328
0.0871475
0.0940276
0.0221611
0.0213161
0.018202
0.00806296
0.0224749
0.010308
b:
0.15489
0.0519609
0.00231673
0.00413702
0.163329
0.00182029
0.000827404
0.00289591
0.111865
0.00165481
0.000496442
0.132302
0.00124111
0.00182029
0.140741
0.00107562
0
0.0841469
0.0268079
0.00653649
0.0899388
0.00182029
0.00198577
0
0.0151415
0.000248221
c:
0.149719
0.000220095
0.0140861
0.000440189
0.0956311
0
0
0.162045
0.0599208
0
0.102564
0.0514471
0.000440189
0.000825355
0.156542
0.000110047
0.00110047
0.062672
0.0152416
0.04644
0.0617365
0
0.000110047
0
0.0178827
0.000825355
d:
0.0890778
0.005929
0.00242874
0.0439317
0.258804
0.00342882
0.0227873
0.00685763
0.170941
0.00314308
0.000428602
0.0477891
0.0074291
0.00442889
0.102079
0.00292878
7.14337e-005
0.054361
0.0836488
0.00178584
0.0519323
0.00242874
0.00814344
0
0.0239303
0.00128581
e:
0.0510641
0.0097577
0.0247401
0.141924
0.0374106
0.0121789
0.0125612
0.00322222
0.0133076
0.00112869
0.00356811
0.0564891
0.0244124
0.0804464
0.00750032
0.0184049
0.00185688
0.211993
0.181646
0.0497351
0.00708161
0.0114325
0.0115418
0.0126158
0.011651
0.0023302
f:
0.108152
0.00125031
0.000625156
0.00112528
0.124656
0.104901
0.000500125
0.000500125
0.155789
0.000500125
0.000125031
0.123781
0.000250063
0.000625156
0.118155
0.000250063
0
0.0686422
0.0273818
0.0430108
0.096024
0
0.000625156
0
0.0231308
0
g:
0.122405
0.0047377
0.00068912
0.00189508
0.204669
0.00232578
0.0607287
0.0484969
0.0979412
0.00034456
0.00051684
0.0807994
0.00895857
0.030149
0.0804548
0.00111982
0
0.0886381
0.0698596
0.00284262
0.0628822
0.00017228
0.00482384
0
0.0243776
0.00017228
h:
0.191794
0.00221333
0.000595897
0.00102154
0.258875
0.00204307
0.000340512
0.000595897
0.155529
0.000340512
0.00144718
0.013961
0.00919384
0.00476717
0.166766
0.00178769
0
0.0291989
0.0323487
0.027241
0.0568656
8.51281e-005
0.00314974
0
0.0394143
0.000425641
i:
0.0413784
0.0136097
0.0774629
0.0505681
0.0947184
0.0187289
0.0278936
0.000774129
0.000774129
0.00064927
0.0139593
0.0715195
0.0336871
0.253115
0.0251717
0.0225996
0.00209764
0.0375078
0.099538
0.0700462
0.00606817
0.0183544
0.000549382
0.00556874
0.000499438
0.0131602
j:
0.248394
0
0
0.00142755
0.18344
0
0
0
0.119914
0.0028551
0.000713776
0
0
0.00214133
0.226267
0
0
0
0
0
0.214847
0
0
0
0
0
k:
0.0775979
0.00620179
0.00105884
0.00242021
0.339132
0.00514294
0.000605052
0.0122523
0.212827
0.000453789
0.00484042
0.0520345
0.00605052
0.0299501
0.0382695
0.002874
0
0.0131599
0.120405
0.00559673
0.0198155
0.00257147
0.00665557
0
0.0400847
0
l:
0.137542
0.00447322
0.00596429
0.019493
0.235335
0.00720079
0.00400044
0.0011274
0.153689
0.000109103
0.0107648
0.0909554
0.00836455
0.00156381
0.100738
0.00749173
0.000218206
0.000945558
0.0536058
0.0234935
0.0483689
0.00767356
0.00138197
0.000109103
0.0750627
0.000327308
m:
0.184231
0.060819
0.00120644
0.000709673
0.187921
0.00283869
0.000212902
0.000922575
0.174154
0.000283869
0.000567738
0.0073806
0.0408772
0.00752253
0.113122
0.0788447
0.000283869
0.00163225
0.0567738
0.00156128
0.0543609
0.000496771
0.00127741
0
0.0215741
0.000425804
n:
0.0663029
0.00631798
0.0425387
0.0690311
0.135442
0.0117744
0.208637
0.00534875
0.0853286
0.00269232
0.027354
0.00954877
0.00387694
0.0257745
0.0556054
0.0044513
0.00132821
0.00538464
0.0933697
0.0903184
0.0225796
0.00560003
0.00502567
0.000825645
0.0125642
0.0029795
o:
0.0240863
0.0223769
0.03341
0.0362382
0.0159746
0.0126492
0.0288725
0.00363625
0.0328195
0.00102561
0.0166895
0.0752424
0.0478307
0.123881
0.0643958
0.0406203
0.00111885
0.116764
0.0688401
0.0600448
0.0816447
0.0233715
0.0418635
0.0104426
0.0101939
0.00596718
p:
0.128854
0.00236671
0.00256393
0.00184077
0.174019
0.00210374
0.00151206
0.048386
0.137072
0.000460193
0.00118335
0.079482
0.00164355
0.00308987
0.111038
0.0514759
0
0.0892775
0.0596936
0.030307
0.052725
0
0.00249819
0
0.0184077
0
q:
0.00718686
0
0
0
0.00102669
0
0
0
0.00924025
0
0
0
0
0
0.00205339
0
0
0
0.00513347
0
0.973306
0
0.00205339
0
0
0
r:
0.132296
0.0136773
0.0144389
0.0302486
0.203485
0.00575728
0.0157792
0.00475204
0.128153
0.000517851
0.0171805
0.0153832
0.0217802
0.022694
0.103783
0.00922993
0.00085293
0.0253442
0.119867
0.0340258
0.0415194
0.00682344
0.00210186
0
0.0295479
0.000761545
s:
0.0635138
0.00254682
0.044158
0.00152809
0.150027
0.00156728
0.000862001
0.0975629
0.0777369
0.000587728
0.0240577
0.0255074
0.0317373
0.0151242
0.055364
0.0504271
0.00607319
0.00133218
0.0746807
0.198104
0.0462346
0.000509364
0.0158687
0
0.0146932
0.000195909
t:
0.10663
0.00495162
0.0155352
0.00192773
0.22596
0.00434684
0.00181433
0.0661098
0.139628
0.000415785
0.000453583
0.0261944
0.00321288
0.00219232
0.0901875
0.00234351
7.55972e-005
0.075635
0.0953659
0.0501966
0.0385168
0.000566979
0.010697
0
0.0309571
0.00608558
u:
0.0269011
0.0376919
0.0399716
0.033335
0.0397183
0.0141345
0.0343482
0.000759917
0.0356654
0.00131719
0.00810578
0.0938751
0.0839961
0.139115
0.0063833
0.0452404
0.000405289
0.127767
0.113278
0.0995491
0.000810578
0.00476215
0.000303967
0.00461016
0.00233041
0.00562339
v:
0.155777
0
0
0.000191608
0.476528
0
0.000574823
0
0.229354
0
0.000383215
0.000958038
0
0.000574823
0.0959954
0
0
0.00555662
0.00268251
0
0.0180111
0.00459858
0
0
0.00843073
0.000383215
w:
0.228133
0.0119125
0.00179504
0.0146867
0.163022
0.00538512
0.00130548
0.0701697
0.166449
0.000326371
0.00946475
0.0375326
0.00505875
0.0525457
0.114719
0.0066906
0
0.0314948
0.0567885
0.00701697
0.00391645
0
0.00130548
0
0.00913838
0.0011423
x:
0.0885312
0.00603622
0.045607
0
0.234742
0.00603622
0.00134138
0.0207914
0.240778
0
0
0.0114017
0.00402414
0.000670691
0.0663984
0.0670691
0
0
0.0100604
0.093226
0.0295104
0.000670691
0.0100604
0
0.0630449
0
y:
0.0914917
0.0187845
0.0373481
0.0207735
0.128177
0.00508287
0.0165746
0.0039779
0.0716022
0.000883978
0.00596685
0.0937017
0.0576796
0.0475138
0.0660774
0.0634254
0
0.0517127
0.140994
0.0346961
0.0137017
0.00309392
0.0141436
0.00640884
0.000441989
0.00574586
z:
0.120451
0.000433276
0.00129983
0.000433276
0.34792
0
0.000866551
0.0034662
0.161179
0.000866551
0.000866551
0.0463605
0.00259965
0.000866551
0.137348
0.0034662
0.00129983
0
0.00129983
0
0.0164645
0.00129983
0.0017331
0
0.0480936
0.101386
